3.97 3.70 4.31 3.57 3.36 3.50 3.84 3.72 4.56 4.20 4.00 4.41 3.81 3.09 4.58 4.18 4.65 3.08 3.36 3.92 3.79 4.45 3.92 3.88 3.17 3.74 3.77 4.13 3.12 3.35 4.10 4.16 4.38 3.68 3.42 3.89 3.53 2.77 3.94 3.64 3.34 4.08 3.00 2.94 3.81 3.55 3.83 3.58 3.15 3.06 4.53 3.62 3.33 3.90 3.85 3.76 3.23 3.69 3.14 3.74 3.81 3.78 3.66 2.84 4.04 3.79 3.34 3.20 2.90 3.68 4.15 3.47 3.20 4.04 4.20 2.75 3.19 3.79 3.60 3.07 3.35 3.25 3.51 3.35 3.62 2.04 2.21 3.11 2.87 3.58 1.95 3.86 2.51 3.20 3.53 3.46 3.58 3.78 3.44 3.24
3.78 3.52 4.06 3.26 3.25 3.19 3.43 3.48 4.25 3.90 3.83 4.15 3.64 2.85 4.40 4.05 4.47 2.82 3.09 3.80 3.61 4.19 3.71 3.71 2.88 3.35 3.65 3.89 2.88 3.18 3.88 3.90 4.13 3.36 3.23 3.69 3.35 2.56 3.72 3.46 3.08 3.82 2.90 2.83 3.63 3.42 3.47 3.32 2.86 2.92 4.29 3.49 3.02 3.58 3.63 3.48 3.07 3.62 3.12 3.38 3.53 3.48 3.56 2.61 3.64 3.68 3.20 2.94 2.66 3.52 3.92 3.34 3.07 3.80 3.88 2.47 3.09 3.64 3.41 2.91 3.22 2.99 3.22 3.12 3.51 1.82 1.97 2.85 2.67 3.32 1.77 3.67 2.36 3.05 3.44 3.36 3.32 3.60 3.27 3.01
3.47 3.26 3.95 3.57 2.78 3.51 4.12 3.53 4.37 4.02 3.49 4.06 3.33 2.96 4.00 3.52 4.02 3.04 3.29 3.27 3.34 4.09 3.50 3.39 3.22 3.93 3.17 3.73 3.04 2.95 3.70 3.88 3.97 3.68 3.08 3.46 3.11 2.64 3.55 3.23 3.31 3.79 2.46 2.46 3.32 2.98 3.92 3.41 3.19 2.65 4.09 3.05 3.41 3.86 3.48 3.59 2.87 2.94 2.36 3.83 3.65 3.75 3.03 2.75 4.25 3.15 2.84 3.15 2.85 3.17 3.76 2.92 2.72 3.70 4.10 2.88 2.63 3.24 3.23 2.68 2.86 3.22 3.50 3.14 2.98 2.11 2.28 3.10 2.71 3.42 1.90 3.39 2.26 2.83 2.87 2.83 3.45 3.29 3.04 3.12
2.84 2.65 3.22 2.82 2.30 2.74 3.24 2.92 3.57 3.24 2.89 3.32 2.77 2.34 3.40 2.98 3.43 2.39 2.61 2.80 2.74 3.34 2.85 2.81 2.53 3.08 2.67 3.02 2.44 2.40 3.05 3.15 3.22 2.91 2.50 2.82 2.50 2.07 2.87 2.61 2.66 3.06 2.01 2.02 2.70 2.48 3.11 2.72 2.47 2.13 3.40 2.55 2.69 3.07 2.82 2.87 2.36 2.53 2.04 3.00 2.93 3.04 2.58 2.14 3.37 2.67 2.33 2.51 2.26 2.59 3.10 2.42 2.21 2.99 3.35 2.21 2.19 2.65 2.62 2.14 2.37 2.60 2.81 2.49 2.47 1.57 1.70 2.46 2.19 2.71 1.39 2.79 1.80 2.35 2.42 2.34 2.79 2.68 2.45 2.54
4.96 4.83 5.22 4.63 4.28 4.80 4.65 3.92 5.17 5.12 4.75 5.24 4.45 4.16 4.58 4.63 4.65 4.16 4.35 4.10 4.63 5.29 4.97 4.60 4.11 4.76 4.27 5.26 3.85 4.34 4.82 5.01 5.56 4.72 4.33 4.96 4.77 3.89 5.10 4.79 3.97 5.09 4.09 3.87 4.97 4.30 4.70 4.64 4.43 4.27 5.01 4.32 4.22 4.92 4.86 4.85 3.86 4.08 3.68 4.91 4.72 4.27 3.97 4.05 4.87 4.23 4.31 4.01 3.75 4.73 4.81 4.25 4.33 5.11 4.57 4.00 3.91 4.92 4.60 4.32 4.09 3.74 4.15 4.54 4.58 3.40 3.62 3.90 3.48 4.83 3.53 4.71 3.48 3.62 4.21 4.48 4.18 4.82 4.58 3.70
3.75 3.49 4.05 3.27 3.21 3.19 3.48 3.50 4.27 3.91 3.81 4.15 3.62 2.85 4.40 4.02 4.47 2.82 3.10 3.78 3.59 4.19 3.69 3.69 2.90 3.39 3.62 3.87 2.89 3.15 3.87 3.90 4.11 3.38 3.22 3.67 3.32 2.55 3.70 3.43 3.10 3.82 2.86 2.79 3.60 3.39 3.51 3.32 2.87 2.88 4.29 3.46 3.04 3.59 3.62 3.48 3.06 3.58 3.07 3.41 3.54 3.51 3.54 2.60 3.68 3.65 3.17 2.95 2.67 3.49 3.92 3.31 3.04 3.79 3.91 2.48 3.05 3.60 3.39 2.88 3.20 3.01 3.24 3.11 3.47 1.81 1.97 2.86 2.68 3.31 1.75 3.65 2.35 3.04 3.40 3.32 3.33 3.57 3.24 3.02
4.32 4.11 4.64 3.99 3.67 4.01 4.19 3.80 4.80 4.55 4.26 4.72 4.03 3.50 4.56 4.32 4.62 3.50 3.74 3.95 4.09 4.76 4.30 4.13 3.54 4.16 3.93 4.54 3.40 3.70 4.36 4.48 4.81 4.09 3.75 4.28 3.97 3.19 4.36 4.06 3.59 4.46 3.38 3.26 4.22 3.80 4.18 3.98 3.65 3.49 4.70 3.85 3.69 4.30 4.22 4.17 3.45 3.80 3.29 4.20 4.16 3.98 3.74 3.30 4.39 3.93 3.68 3.52 3.23 4.05 4.39 3.73 3.60 4.44 4.35 3.24 3.43 4.19 3.96 3.52 3.60 3.45 3.77 3.80 3.94 2.56 2.75 3.42 3.10 4.06 2.54 4.16 2.86 3.34 3.75 3.81 3.81 4.15 3.85 3.42
4.20 4.10 4.31 3.72 3.71 3.88 3.55 3.12 4.15 4.16 4.01 4.32 3.74 3.42 3.79 3.95 3.86 3.38 3.52 3.48 3.90 4.36 4.18 3.88 3.26 3.71 3.64 4.40 3.10 3.67 4.00 4.11 4.65 3.77 3.63 4.18 4.06 3.22 4.28 4.06 3.15 4.20 3.57 3.34 4.23 3.69 3.69 3.81 3.58 3.66 4.12 3.70 3.33 3.95 4.06 3.97 3.23 3.56 3.29 3.90 3.84 3.35 3.40 3.34 3.75 3.63 3.70 3.22 3.03 4.04 3.98 3.65 3.74 4.25 3.61 3.20 3.38 4.22 3.87 3.70 3.49 2.95 3.28 3.77 3.97 2.79 2.96 3.12 2.84 3.98 2.99 3.97 2.95 3.02 3.66 3.91 3.36 4.10 3.89 2.96
3.99 3.80 4.08 3.25 3.57 3.30 3.07 3.13 3.98 3.84 3.93 4.12 3.68 3.01 4.07 4.06 4.16 2.92 3.12 3.70 3.74 4.17 3.91 3.79 2.83 3.18 3.71 4.08 2.82 3.42 3.87 3.87 4.32 3.32 3.39 3.91 3.70 2.78 3.95 3.75 2.90 3.89 3.34 3.15 3.94 3.62 3.27 3.42 3.00 3.32 4.12 3.65 2.91 3.52 3.79 3.57 3.12 3.73 3.41 3.35 3.51 3.16 3.56 2.84 3.30 3.74 3.50 2.89 2.68 3.81 3.87 3.56 3.46 3.94 3.50 2.59 3.32 3.98 3.60 3.33 3.39 2.76 3.01 3.34 3.85 2.15 2.30 2.78 2.65 3.50 2.31 3.81 2.63 3.01 3.67 3.75 3.16 3.86 3.57 2.82
2.63 2.29 3.49 3.25 1.76 2.93 4.55 3.94 4.53 3.76 2.90 3.72 2.88 2.34 4.29 3.09 4.27 2.53 2.90 3.12 2.69 3.72 2.70 2.84 3.03 3.98 2.68 2.93 2.88 2.11 3.34 3.56 3.15 3.43 2.42 2.61 1.99 1.90 2.66 2.25 3.38 3.26 1.21 1.48 2.28 2.21 4.00 2.85 2.59 1.47 4.05 2.35 3.34 3.62 2.78 3.06 2.46 2.36 1.42 3.55 3.34 4.09 2.69 1.97 4.62 2.68 1.87 2.96 2.53 2.19 3.49 2.12 1.56 3.01 4.56 2.35 1.81 2.12 2.46 1.48 2.17 3.43 3.62 2.34 1.90 1.19 1.35 2.97 2.50 2.67 0.54 2.73 1.43 2.62 2.05 1.65 3.46 2.36 2.04 3.24
4.98 4.82 5.27 4.64 4.28 4.77 4.72 4.05 5.28 5.17 4.81 5.31 4.51 4.14 4.76 4.73 4.83 4.14 4.36 4.23 4.67 5.36 4.98 4.65 4.12 4.79 4.35 5.27 3.88 4.33 4.89 5.06 5.58 4.73 4.34 4.97 4.73 3.85 5.09 4.78 4.03 5.12 4.05 3.85 4.96 4.33 4.75 4.65 4.39 4.22 5.13 4.36 4.25 4.95 4.87 4.86 3.90 4.17 3.72 4.92 4.76 4.36 4.06 4.00 4.94 4.32 4.30 4.04 3.76 4.72 4.89 4.27 4.30 5.13 4.70 3.95 3.93 4.91 4.60 4.26 4.11 3.82 4.22 4.51 4.58 3.30 3.52 3.93 3.51 4.81 3.39 4.75 3.45 3.69 4.25 4.47 4.25 4.82 4.56 3.77
4.06 3.97 4.30 3.91 3.47 4.07 3.99 3.22 4.29 4.27 3.86 4.32 3.62 3.49 3.66 3.71 3.71 3.51 3.66 3.26 3.79 4.36 4.08 3.74 3.48 4.07 3.43 4.34 3.23 3.56 3.95 4.14 4.59 3.98 3.57 4.08 3.93 3.27 4.20 3.94 3.33 4.22 3.32 3.15 4.07 3.48 3.98 3.88 3.77 3.51 4.08 3.49 3.58 4.14 4.00 4.05 3.15 3.23 2.89 4.18 3.94 3.57 3.15 3.41 4.15 3.38 3.51 3.37 3.16 3.86 3.94 3.44 3.54 4.22 3.80 3.43 3.15 4.01 3.78 3.56 3.31 3.13 3.49 3.79 3.70 2.92 3.11 3.29 2.89 4.05 3.01 3.85 2.88 2.94 3.37 3.62 3.48 3.94 3.77 3.07
3.97 3.84 4.25 3.82 3.37 3.92 3.98 3.31 4.32 4.22 3.83 4.29 3.60 3.37 3.81 3.74 3.86 3.39 3.57 3.33 3.73 4.33 3.99 3.71 3.41 4.01 3.43 4.23 3.18 3.46 3.93 4.11 4.48 3.90 3.48 3.97 3.77 3.12 4.08 3.81 3.32 4.14 3.17 3.03 3.94 3.42 3.95 3.78 3.62 3.35 4.13 3.45 3.52 4.07 3.91 3.95 3.12 3.25 2.85 4.07 3.88 3.61 3.20 3.26 4.14 3.40 3.40 3.32 3.08 3.75 3.94 3.37 3.40 4.13 3.88 3.27 3.09 3.88 3.69 3.39 3.26 3.15 3.48 3.65 3.60 2.71 2.89 3.24 2.86 3.91 2.74 3.79 2.76 2.95 3.33 3.50 3.48 3.84 3.63 3.09
4.43 4.16 3.94 2.17 4.47 2.21 0.94 2.57 3.18 3.13 4.41 3.91 4.07 2.50 4.52 4.96 4.73 2.13 2.33 4.58 4.08 3.99 4.11 4.23 1.68 1.37 4.53 4.13 2.10 3.72 3.90 3.50 4.34 2.19 3.47 4.16 4.05 2.37 4.07 4.04 1.98 3.61 4.27 3.85 4.42 4.42 1.79 2.90 1.94 3.80 4.13 4.41 1.61 2.45 3.85 2.97 3.30 5.04 5.04 1.91 2.87 2.05 4.51 2.30 1.33 4.69 4.14 2.05 1.97 4.38 3.85 4.32 4.12 3.86 2.47 1.36 4.20 4.69 3.76 3.73 4.00 1.83 1.95 3.04 4.89 1.35 1.45 1.85 2.29 2.97 1.97 4.17 2.74 3.22 4.78 4.82 2.48 4.35 3.89 2.18
3.88 3.74 4.14 3.66 3.31 3.75 3.79 3.24 4.20 4.08 3.76 4.18 3.53 3.24 3.78 3.70 3.84 3.25 3.43 3.32 3.64 4.22 3.88 3.64 3.26 3.81 3.40 4.11 3.07 3.37 3.84 3.99 4.35 3.74 3.39 3.87 3.66 3.00 3.97 3.71 3.20 4.02 3.11 2.97 3.84 3.37 3.78 3.64 3.45 3.25 4.05 3.40 3.37 3.91 3.80 3.81 3.05 3.24 2.86 3.89 3.75 3.49 3.18 3.12 3.96 3.37 3.33 3.19 2.96 3.66 3.85 3.32 3.31 4.01 3.77 3.10 3.04 3.80 3.59 3.29 3.20 3.04 3.36 3.52 3.54 2.56 2.73 3.11 2.77 3.76 2.59 3.70 2.67 2.90 3.29 3.44 3.37 3.75 3.53 3.00
4.06 3.97 4.29 3.91 3.47 4.07 3.98 3.22 4.28 4.26 3.86 4.31 3.61 3.49 3.65 3.70 3.70 3.51 3.65 3.25 3.78 4.35 4.08 3.74 3.48 4.07 3.42 4.34 3.22 3.56 3.95 4.14 4.58 3.98 3.56 4.08 3.92 3.26 4.20 3.94 3.32 4.21 3.32 3.15 4.07 3.47 3.98 3.88 3.77 3.51 4.08 3.49 3.58 4.13 4.00 4.05 3.15 3.23 2.89 4.17 3.93 3.56 3.15 3.41 4.14 3.38 3.51 3.37 3.15 3.86 3.94 3.43 3.54 4.22 3.80 3.42 3.15 4.01 3.78 3.56 3.31 3.13 3.48 3.79 3.69 2.92 3.11 3.28 2.88 4.04 3.01 3.84 2.88 2.94 3.37 3.62 3.47 3.94 3.77 3.07
3.81 3.62 4.05 3.42 3.28 3.44 3.52 3.28 4.14 3.93 3.76 4.11 3.55 3.03 4.00 3.83 4.07 3.01 3.22 3.51 3.60 4.15 3.78 3.64 3.02 3.52 3.49 3.98 2.93 3.26 3.81 3.89 4.21 3.50 3.29 3.76 3.51 2.77 3.83 3.57 3.08 3.88 3.02 2.90 3.73 3.38 3.56 3.45 3.13 3.10 4.10 3.42 3.14 3.69 3.69 3.61 3.03 3.40 2.99 3.59 3.59 3.40 3.33 2.86 3.71 3.49 3.26 3.02 2.78 3.58 3.83 3.32 3.20 3.88 3.73 2.76 3.06 3.71 3.48 3.11 3.19 2.95 3.22 3.31 3.52 2.20 2.36 2.93 2.68 3.52 2.22 3.66 2.52 2.93 3.36 3.41 3.29 3.66 3.40 2.94
4.50 4.37 4.79 4.30 3.84 4.44 4.42 3.67 4.82 4.74 4.32 4.82 4.06 3.82 4.23 4.21 4.29 3.84 4.02 3.74 4.21 4.87 4.52 4.19 3.82 4.48 3.87 4.79 3.57 3.93 4.42 4.62 5.07 4.38 3.94 4.51 4.30 3.55 4.63 4.34 3.71 4.67 3.64 3.47 4.49 3.88 4.41 4.27 4.09 3.83 4.62 3.91 3.95 4.57 4.43 4.46 3.52 3.67 3.26 4.58 4.36 4.01 3.59 3.70 4.61 3.83 3.88 3.73 3.47 4.27 4.42 3.83 3.88 4.67 4.30 3.70 3.51 4.42 4.18 3.88 3.69 3.51 3.89 4.14 4.10 3.11 3.31 3.63 3.21 4.43 3.17 4.28 3.15 3.32 3.78 4.00 3.89 4.36 4.14 3.45
4.41 4.32 4.73 4.37 3.73 4.53 4.55 3.60 4.78 4.74 4.21 4.76 3.95 3.86 4.02 4.02 4.06 3.90 4.06 3.53 4.13 4.80 4.46 4.08 3.90 4.60 3.71 4.75 3.59 3.88 4.34 4.58 5.02 4.45 3.90 4.45 4.26 3.60 4.59 4.29 3.73 4.64 3.56 3.39 4.42 3.75 4.48 4.29 4.20 3.79 4.50 3.78 4.02 4.62 4.38 4.48 3.45 3.46 3.05 4.68 4.37 4.02 3.41 3.77 4.71 3.65 3.80 3.76 3.51 4.18 4.33 3.71 3.82 4.63 4.27 3.83 3.39 4.33 4.13 3.85 3.59 3.52 3.91 4.17 3.97 3.24 3.44 3.68 3.20 4.47 3.29 4.19 3.14 3.22 3.62 3.88 3.88 4.28 4.10 3.43
4.13 3.96 4.29 3.60 3.62 3.68 3.54 3.29 4.24 4.12 4.02 4.32 3.77 3.27 4.07 4.06 4.15 3.22 3.41 3.66 3.87 4.37 4.08 3.89 3.16 3.62 3.72 4.29 3.06 3.56 4.02 4.09 4.54 3.67 3.55 4.08 3.87 3.03 4.15 3.91 3.16 4.13 3.40 3.22 4.09 3.67 3.65 3.69 3.37 3.46 4.25 3.69 3.26 3.86 3.97 3.85 3.23 3.65 3.30 3.76 3.78 3.44 3.52 3.12 3.75 3.72 3.59 3.16 2.94 3.92 4.02 3.61 3.57 4.16 3.75 2.97 3.34 4.09 3.77 3.48 3.46 3.00 3.30 3.59 3.89 2.48 2.64 3.06 2.82 3.80 2.59 3.93 2.79 3.08 3.66 3.79 3.39 3.99 3.73 3.02
4.47 4.38 4.42 3.68 4.08 3.90 3.20 2.97 4.03 4.14 4.23 4.39 3.91 3.52 3.78 4.17 3.89 3.41 3.53 3.64 4.11 4.44 4.40 4.07 3.18 3.50 3.87 4.61 3.06 3.92 4.10 4.15 4.86 3.71 3.81 4.43 4.37 3.36 4.52 4.34 3.03 4.31 3.99 3.67 4.55 3.98 3.50 3.89 3.61 4.01 4.15 3.97 3.20 3.89 4.25 4.04 3.36 3.87 3.72 3.81 3.85 3.15 3.60 3.47 3.44 3.87 4.02 3.18 3.03 4.35 4.05 3.94 4.10 4.42 3.39 3.18 3.69 4.58 4.08 4.04 3.74 2.80 3.14 3.94 4.37 2.92 3.09 3.05 2.85 4.11 3.28 4.18 3.16 3.10 4.00 4.33 3.28 4.39 4.17 2.86
4.17 4.21 4.23 4.00 3.67 4.33 3.75 2.70 3.90 4.18 3.79 4.18 3.49 3.71 2.96 3.43 3.01 3.71 3.75 2.83 3.80 4.22 4.21 3.66 3.53 4.03 3.25 4.49 3.18 3.76 3.81 4.04 4.72 4.02 3.67 4.23 4.27 3.58 4.40 4.20 3.14 4.25 3.70 3.40 4.33 3.51 3.85 4.01 4.08 3.92 3.69 3.48 3.56 4.14 4.10 4.17 3.09 3.03 2.92 4.28 3.91 3.20 2.86 3.77 3.90 3.17 3.73 3.36 3.23 4.07 3.74 3.50 3.89 4.32 3.30 3.76 3.23 4.26 3.93 3.99 3.35 2.87 3.28 4.07 3.89 3.50 3.68 3.26 2.82 4.31 3.80 3.86 3.18 2.74 3.39 3.89 3.26 4.12 4.05 2.81
4.44 4.28 4.70 4.11 3.81 4.21 4.19 3.65 4.73 4.61 4.30 4.74 4.04 3.67 4.32 4.26 4.38 3.66 3.86 3.82 4.16 4.79 4.43 4.16 3.65 4.25 3.90 4.68 3.45 3.85 4.37 4.52 4.96 4.20 3.86 4.42 4.19 3.40 4.52 4.24 3.59 4.56 3.59 3.42 4.40 3.87 4.22 4.12 3.87 3.73 4.61 3.90 3.76 4.39 4.33 4.31 3.48 3.75 3.34 4.35 4.23 3.90 3.66 3.52 4.39 3.88 3.83 3.59 3.33 4.20 4.37 3.81 3.81 4.56 4.22 3.47 3.51 4.36 4.09 3.77 3.67 3.41 3.76 3.99 4.08 2.88 3.07 3.49 3.13 4.25 2.95 4.23 3.05 3.31 3.81 3.98 3.80 4.29 4.04 3.37
3.84 3.88 3.76 3.40 3.49 3.73 2.94 2.24 3.30 3.61 3.48 3.69 3.19 3.28 2.62 3.20 2.69 3.22 3.23 2.64 3.48 3.74 3.84 3.36 2.97 3.28 3.04 4.06 2.71 3.46 3.40 3.54 4.27 3.41 3.33 3.87 3.96 3.19 4.00 3.86 2.62 3.76 3.55 3.22 4.01 3.30 3.16 3.53 3.51 3.67 3.25 3.26 2.96 3.52 3.71 3.65 2.80 2.93 2.92 3.60 3.39 2.61 2.70 3.34 3.10 2.98 3.50 2.86 2.78 3.79 3.32 3.29 3.67 3.88 2.69 3.20 3.07 4.00 3.58 3.73 3.12 2.36 2.72 3.64 3.71 3.08 3.24 2.75 2.46 3.82 3.48 3.54 2.92 2.47 3.25 3.73 2.77 3.82 3.74 2.37
4.23 4.49 4.24 4.59 3.68 5.21 4.25 2.17 3.68 4.38 3.55 4.10 3.20 4.30 1.74 2.71 1.75 4.37 4.24 1.88 3.75 4.14 4.39 3.43 4.10 4.72 2.69 4.75 3.42 3.99 3.62 4.07 4.98 4.56 3.84 4.43 4.73 4.27 4.72 4.53 3.26 4.46 3.97 3.57 4.59 3.30 4.27 4.47 5.01 4.41 3.13 3.21 4.07 4.60 4.28 4.64 2.97 2.26 2.37 5.05 4.17 3.10 2.09 4.58 4.33 2.51 3.86 3.70 3.67 4.22 3.49 3.36 4.22 4.57 2.96 4.79 3.06 4.43 4.14 4.56 3.21 2.86 3.41 4.67 3.83 4.73 4.94 3.62 2.91 4.98 5.19 3.80 3.64 2.39 3.03 3.93 3.24 4.26 4.42 2.70
